기간	자치구	유기동물보호현황	유기동물보호현황	유기동물보호현황	유기동물보호현황	유기동물보호현황	유기동물보호현황	유기동물보호현황	유기동물보호현황	유기동물보호현황	유기동물보호현황	유기동물보호현황	유기동물보호현황	유기동물보호현황	유기동물보호현황	유기동물보호현황	유기동물보호현황
기간	자치구	합계	개	개	개	개	개	고양이	고양이	고양이	고양이	고양이	기타	기타	기타	기타	기타
기간	자치구	합계	계	인도(주인)	입양분양	폐사안락사	계류기증	계	인도(주인)	입양분양	폐사안락사	계류기증	계	인도(주인)	입양분양	폐사안락사	계류기증
2009	합계	16,911	10,947	1,733	3,779	5,147	288	5,681	67	2,245	3,153	216	283	5	96	166	16
2009	종로구	409	227	69	119	30	9	182	7	106	68	1	-	-	-	-	-
2009	중구	268	115	11	17	87	-	146	3	100	43	-	7	1	3	3	-
2009	용산구	994	541	62	298	181	-	412	-	261	138	13	41	1	2	31	7
2009	성동구	395	265	46	26	193	-	122	1	5	116	-	8	-	-	8	-
2009	광진구	741	357	46	57	251	3	375	2	193	121	59	9	-	2	7	-
2009	동대문구	413	321	44	47	228	2	82	3	66	13	-	10	1	2	7	-
2009	중랑구	489	376	51	19	306	-	107	-	55	52	-	6	-	-	6	-
2009	성북구	563	406	46	26	334	-	144	1	3	138	2	13	-	3	10	-
2009	강북구	580	430	60	53	317	-	146	1	4	141	-	4	-	1	3	-
2009	도봉구	421	284	35	35	208	6	128	4	31	93	-	9	-	5	4	-
2009	노원구	524	362	45	37	280	-	156	1	7	148	-	6	-	1	5	-
2009	은평구	1,213	924	179	492	240	13	273	5	142	103	23	16	1	7	8	-
2009	서대문구	805	478	84	290	104	-	319	1	162	156	-	8	-	7	1	-
2009	마포구	808	513	76	384	53	-	291	2	188	101	-	4	-	4	-	-
2009	양천구	642	578	82	230	254	12	64	3	22	39	-	-	-	-	-	-
2009	강서구	818	577	79	73	415	10	222	2	4	210	6	19	-	4	14	1
2009	구로구	908	518	85	196	182	55	367	5	136	206	20	23	-	11	11	1
2009	금천구	360	242	38	25	172	7	106	3	4	93	6	12	1	6	3	2
2009	영등포구	498	288	37	19	229	3	183	-	9	157	17	27	-	2	25	-
2009	동작구	866	577	77	99	343	58	281	2	88	169	22	8	-	3	5	-
2009	관악구	1,209	785	101	421	211	52	424	6	216	196	6	-	-	-	-	-
2009	서초구	433	196	27	26	143	-	225	2	12	210	1	12	-	4	8	-
2009	강남구	578	314	69	58	184	3	251	4	13	215	19	13	-	7	4	2
2009	송파구	930	519	95	328	96	-	407	5	269	133	-	4	-	3	1	-
2009	강동구	1,046	754	189	404	106	55	268	4	149	94	21	24	-	19	2	3
2010	합계	18,624	11,120	2,006	3,460	4,923	731	7,092	65	2,065	4,318	644	412	6	122	265	19
2010	종로구	495	287	79	75	21	112	208	1	71	59	77	-	-	-	-	-
2010	중구	329	160	24	29	104	3	164	5	97	62	-	5	-	1	4	-
2010	용산구	1,048	461	80	193	188	-	530	-	247	283	-	57	-	10	47	-
2010	성동구	490	247	38	45	144	20	225	1	4	212	8	18	-	1	17	-
2010	광진구	718	386	59	94	228	5	319	2	198	119	-	13	1	6	6	-
2010	동대문구	422	350	46	69	140	95	60	1	41	4	14	12	1	1	10	-
2010	중랑구	786	552	45	213	293	1	210	3	86	119	2	24	-	22	2	-
2010	성북구	779	439	54	42	321	22	324	1	1	321	1	16	-	2	14	-
2010	강북구	734	470	38	139	293	-	248	1	70	177	-	16	-	9	7	-
2010	도봉구	552	353	64	65	220	4	179	-	8	162	9	20	-	3	17	-
2010	노원구	533	354	65	78	211	-	163	-	1	162	-	16	1	4	11	-
2010	은평구	1,331	968	210	396	199	163	347	11	162	94	80	16	-	9	7	-
2010	서대문구	964	446	83	233	130	-	506	4	208	294	-	12	-	9	3	-
2010	마포구	1,061	464	90	102	61	211	573	6	89	166	312	24	-	3	2	19
2010	양천구	751	639	153	243	228	15	107	4	32	70	1	5	-	3	2	-
2010	강서구	797	499	89	78	324	8	265	5	2	253	5	33	-	1	32	-
2010	구로구	838	520	92	149	241	38	316	1	159	126	30	2	-	1	1	-
2010	금천구	456	268	42	61	165	-	176	-	2	172	2	12	-	-	12	-
2010	영등포구	539	281	59	60	162	-	239	2	1	236	-	19	-	4	15	-
2010	동작구	746	526	81	103	319	23	201	3	92	86	20	19	-	12	7	-
2010	관악구	1,014	617	121	313	178	5	397	6	103	288	-	-	-	-	-	-
2010	서초구	495	213	48	39	126	-	265	3	3	259	-	17	-	2	15	-
2010	강남구	703	346	82	82	176	6	328	-	133	193	2	29	2	7	20	-
2010	송파구	994	549	65	164	320	-	442	2	120	266	54	3	-	2	1	-
2010	강동구	1,049	725	199	395	131	-	300	3	135	135	27	24	1	10	13	-
2011	합계	15,229	8,523	1,759	2,376	4,365	23	6,263	61	1,734	4,437	31	443	10	107	326	-
2011	종로구	379	181	26	12	143	-	196	-	9	187	-	2	-	-	2	-
2011	중구	325	128	25	15	88	-	193	-	87	106	-	4	-	-	4	-
2011	용산구	944	469	61	360	40	8	407	1	296	100	10	68	7	13	48	-
2011	성동구	397	222	48	30	144	-	162	2	3	157	-	13	-	2	11	-
2011	광진구	698	312	65	48	199	-	369	3	197	169	-	17	-	4	13	-
2011	동대문구	723	419	60	126	233	-	266	3	8	255	-	38	-	17	21	-
2011	중랑구	512	365	54	42	269	-	131	2	86	33	10	16	-	2	14	-
2011	성북구	756	376	68	50	258	-	352	3	8	341	-	28	1	5	22	-
2011	강북구	578	317	48	28	241	-	248	2	6	240	-	13	-	2	11	-
2011	도봉구	466	289	46	43	200	-	157	-	2	155	-	20	-	1	19	-
2011	노원구	445	308	77	47	184	-	126	1	1	124	-	11	1	1	9	-
2011	은평구	564	412	78	40	294	-	136	3	2	131	-	16	-	-	16	-
2011	서대문구	560	273	67	57	149	-	276	3	12	261	-	11	-	-	11	-
2011	마포구	990	443	80	276	87	-	525	5	352	168	-	22	-	13	9	-
2011	양천구	755	577	178	212	172	15	161	4	86	60	11	17	-	9	8	-
2011	강서구	700	397	59	37	301	-	277	11	2	264	-	26	-	5	21	-
2011	구로구	471	292	38	36	218	-	164	-	4	160	-	15	-	1	14	-
2011	금천구	413	212	26	9	177	-	191	-	3	188	-	10	-	-	10	-
2011	영등포구	558	267	57	85	125	-	270	1	223	46	-	21	-	9	12	-
2011	동작구	375	324	57	32	235	-	39	-	32	7	-	12	-	5	7	-
2011	관악구	718	550	138	347	65	-	166	2	114	50	-	2	-	-	2	-
2011	서초구	455	167	47	18	102	-	282	5	5	272	-	6	-	2	4	-
2011	강남구	602	222	52	33	137	-	357	6	8	343	-	23	-	4	19	-
2011	송파구	787	363	82	53	228	-	413	1	5	407	-	11	1	1	9	-
2011	강동구	1,058	638	222	340	76	-	399	3	183	213	-	21	-	11	10	-
2012	합계	13,556	7,860	1,762	2,327	3,310	461	5,350	85	1,369	3,319	577	346	11	148	166	21
2012	종로구	371	129	17	31	77	4	238	2	72	163	1	4	1	-	3	-
2012	중구	203	97	17	9	71	-	102	-	44	58	-	4	-	-	4	-
2012	용산구	1,064	461	115	323	12	11	552	9	416	108	19	51	4	34	10	3
2012	성동구	356	206	33	30	127	16	142	1	2	124	15	8	-	1	6	1
2012	광진구	542	307	77	68	138	24	225	2	93	125	5	10	-	2	7	1
2012	동대문구	818	341	56	76	205	4	452	3	75	368	6	25	-	9	16	-
2012	중랑구	513	392	74	72	230	16	109	-	70	28	11	12	-	6	6	-
2012	성북구	569	349	66	49	218	16	198	3	11	182	2	22	-	10	11	1
2012	강북구	581	365	56	69	225	15	199	1	6	184	8	17	1	7	9	-
2012	도봉구	374	258	56	53	148	1	110	5	17	88	-	6	-	3	3	-
2012	노원구	356	265	59	46	153	7	83	1	8	74	-	8	-	1	6	1
2012	은평구	529	406	91	53	262	-	111	1	6	104	-	12	-	10	2	-
2012	서대문구	455	258	47	99	98	14	189	3	43	139	4	8	1	2	4	1
2012	마포구	1,084	403	103	123	47	130	665	7	114	204	340	16	-	7	5	4
2012	양천구	697	541	175	213	122	31	145	4	52	76	13	11	-	4	6	1
2012	강서구	602	385	74	94	217	-	199	5	8	186	-	18	1	5	12	-
2012	구로구	364	247	48	40	146	13	108	2	5	93	8	9	-	3	6	-
2012	금천구	439	266	40	110	116	-	167	1	43	123	-	6	-	2	4	-
2012	영등포구	377	239	34	55	126	24	133	1	14	110	8	5	-	3	2	-
2012	동작구	335	288	85	89	114	-	31	2	13	16	-	16	1	5	10	-
2012	관악구	894	505	128	282	57	38	363	9	187	158	9	26	1	8	14	3
2012	서초구	373	171	37	31	93	10	190	4	5	94	87	12	-	7	5	-
2012	강남구	505	248	58	56	122	12	240	9	8	214	9	17	-	6	9	2
2012	송파구	562	300	72	67	130	31	258	3	8	235	12	4	-	-	4	-
2012	강동구	593	433	144	189	56	44	141	7	49	65	20	19	1	13	2	3
2013	합계	11,672	7,803	2,007	1,660	3,690	446	3,509	84	900	2,339	186	360	15	241	79	25
2013	종로구	182	141	28	15	58	40	35	-	3	22	10	6	-	2	-	4
2013	중구	302	149	31	9	77	32	145	-	42	74	29	8	-	7	1	-
2013	용산구	980	427	142	242	43	-	544	33	324	187	-	9	3	-	6	-
2013	성동구	298	196	39	27	125	5	86	3	3	80	-	16	-	14	1	1
2013	광진구	355	274	93	37	140	4	52	2	7	43	-	29	2	25	2	-
2013	동대문구	495	327	72	38	131	86	154	3	13	109	29	14	-	8	1	5
2013	중랑구	413	327	74	46	178	29	74	4	5	62	3	12	2	7	2	1
2013	성북구	528	356	70	39	241	6	156	-	6	149	1	16	1	13	2	-
2013	강북구	538	400	77	40	250	33	123	1	4	113	5	15	-	7	4	4
2013	도봉구	348	272	73	28	169	2	50	1	4	45	-	26	-	26	-	-
2013	노원구	377	305	61	34	204	6	58	4	3	51	-	14	3	11	-	-
2013	은평구	562	438	111	41	280	6	110	-	6	104	-	14	-	12	2	-
2013	서대문구	467	300	64	39	100	97	143	2	4	106	31	24	1	15	3	5
2013	마포구	826	364	112	141	52	59	450	4	153	222	71	12	1	5	3	3
2013	양천구	512	460	169	122	166	3	28	3	14	11	-	24	-	12	12	-
2013	강서구	493	371	94	47	228	2	107	3	10	94	-	15	-	11	4	-
2013	구로구	434	294	49	40	190	15	126	3	3	115	5	14	1	12	1	-
2013	금천구	325	279	68	68	143	-	27	2	5	20	-	19	1	6	12	-
2013	영등포구	400	214	43	37	134	-	173	1	6	166	-	13	-	8	5	-
2013	동작구	339	306	94	71	141	-	19	5	9	5	-	14	-	3	11	-
2013	관악구	947	528	141	339	48	-	414	4	240	170	-	5	-	4	1	-
2013	서초구	340	208	62	29	113	4	127	1	4	120	2	5	-	3	1	1
2013	강남구	317	197	65	29	102	1	104	2	9	93	-	16	-	14	2	-
2013	송파구	533	336	84	44	197	11	188	2	15	171	-	9	-	5	3	1
2013	강동구	361	334	91	58	180	5	16	1	8	7	-	11	-	11	-	-
2014	합계	9,551	6,644	2,144	1,703	2,797	-	2,616	60	826	1,730	-	291	13	228	50	-
2014	종로구	223	150	40	28	82	-	68	-	4	64	-	5	-	5	-	-
2014	중구	144	106	27	21	58	-	32	1	4	27	-	6	-	5	1	-
2014	용산구	611	330	141	156	33	-	277	6	185	86	-	4	-	2	2	-
2014	성동구	231	168	46	33	89	-	54	1	7	46	-	9	-	8	1	-
2014	광진구	312	227	87	49	91	-	61	3	11	47	-	24	2	18	4	-
2014	동대문구	430	287	77	58	152	-	129	-	8	121	-	14	-	13	1	-
2014	중랑구	426	366	115	61	190	-	52	1	8	43	-	8	-	6	2	-
2014	성북구	407	293	79	59	155	-	97	3	13	81	-	17	2	13	2	-
2014	강북구	423	307	93	53	161	-	102	1	12	89	-	14	-	13	1	-
2014	도봉구	344	273	96	43	134	-	62	-	9	53	-	9	1	7	1	-
2014	노원구	277	209	48	45	116	-	54	-	5	49	-	14	-	12	2	-
2014	은평구	486	400	123	56	221	-	66	3	13	50	-	20	-	16	4	-
2014	서대문구	380	237	69	41	127	-	132	4	17	111	-	11	-	10	1	-
2014	마포구	771	347	141	149	57	-	405	6	197	202	-	19	1	15	3	-
2014	양천구	452	386	136	160	90	-	53	3	22	28	-	13	-	7	6	-
2014	강서구	407	321	98	61	162	-	68	3	9	56	-	18	2	15	1	-
2014	구로구	340	225	50	46	129	-	103	3	13	87	-	12	1	9	2	-
2014	금천구	181	169	44	28	97	-	7	-	1	6	-	5	2	2	1	-
2014	영등포구	271	157	39	28	90	-	111	2	12	97	-	3	-	3	-	-
2014	동작구	346	314	126	78	110	-	14	3	9	2	-	18	-	9	9	-
2014	관악구	875	476	161	299	16	-	395	7	225	163	-	4	-	4	-	-
2014	서초구	239	143	48	18	77	-	86	4	10	72	-	10	-	10	-	-
2014	강남구	219	173	60	35	78	-	38	1	14	23	-	8	-	7	1	-
2014	송파구	426	271	90	44	137	-	142	4	14	124	-	13	1	9	3	-
2014	강동구	330	309	110	54	145	-	8	1	4	3	-	13	1	10	2	-
2015	합계	8,902	6,060	2,193	1,453	2,358	56	2,541	55	797	1,679	10	301	8	221	72	-
2015	종로구	254	159	54	15	89	1	88	-	9	79	-	7	-	6	1	-
2015	중구	153	82	19	18	45	-	63	-	10	53	-	8	-	8	-	-
2015	용산구	489	287	145	119	23	-	191	4	105	82	-	11	-	7	4	-
2015	성동구	228	158	43	28	86	1	57	2	19	36	-	13	-	11	2	-
2015	광진구	347	240	104	47	83	6	84	2	16	66	-	23	1	21	1	-
2015	동대문구	410	249	83	53	109	4	151	1	22	128	-	10	-	7	3	-
2015	중랑구	382	290	116	39	131	4	78	2	18	58	-	14	1	11	2	-
2015	성북구	379	280	84	43	150	3	79	-	7	72	-	20	1	16	3	-
2015	강북구	401	307	97	56	151	3	79	3	8	68	-	15	-	10	5	-
2015	도봉구	297	238	78	36	121	3	53	1	5	47	-	6	-	2	4	-
2015	노원구	292	243	72	47	121	3	36	-	3	33	-	13	-	10	3	-
2015	은평구	456	348	96	69	181	2	92	2	14	76	-	16	1	12	3	-
2015	서대문구	344	213	77	34	102	-	115	1	14	100	-	16	1	12	3	-
2015	마포구	586	268	130	94	34	10	300	4	153	134	9	18	1	9	8	-
2015	양천구	419	344	152	107	85	-	54	5	17	32	-	21	-	15	6	-
2015	강서구	391	285	99	51	130	5	87	4	11	72	-	19	1	13	5	-
2015	구로구	237	193	35	39	116	3	37	-	5	32	-	7	1	6	-	-
2015	금천구	163	139	44	27	67	1	21	-	5	16	-	3	-	2	1	-
2015	영등포구	299	159	45	34	78	2	127	1	11	115	-	13	-	13	-	-
2015	동작구	288	258	138	40	80	-	11	1	6	4	-	19	-	7	12	-
2015	관악구	1,047	519	203	297	19	-	523	11	307	205	-	5	-	5	-	-
2015	서초구	181	129	46	33	50	-	46	2	6	38	-	6	-	5	1	-
2015	강남구	210	157	54	28	74	1	50	5	7	38	-	3	-	2	1	-
2015	송파구	356	237	84	45	106	2	109	3	16	89	1	10	-	7	3	-
2015	강동구	293	278	95	54	127	2	10	1	3	6	-	5	-	4	1	-
2016	합계	8,645	5,872	2,203	1,590	2,048	31	2,433	70	686	1,652	25	340	22	237	73	8
2016	종로구	242	165	47	26	92	-	72	1	6	65	-	5	-	4	1	-
2016	중구	159	85	27	21	37	-	65	-	5	60	-	9	1	8	-	-
2016	용산구	482	252	138	98	16	-	216	3	119	93	1	14	-	3	10	1
2016	성동구	231	161	67	29	65	-	52	-	9	43	-	18	-	17	1	-
2016	광진구	296	199	84	49	65	1	89	1	7	81	-	8	-	7	1	-
2016	동대문구	363	266	75	57	132	2	90	1	17	72	-	7	1	6	-	-
2016	중랑구	394	310	106	78	124	2	71	1	12	58	-	13	-	11	2	-
2016	성북구	376	277	95	57	124	1	85	1	15	69	-	14	1	10	3	-
2016	강북구	355	280	91	62	127	-	68	2	14	52	-	7	-	7	-	-
2016	도봉구	315	212	71	59	80	2	89	1	14	74	-	14	-	11	3	-
2016	노원구	330	251	101	60	88	2	64	1	11	52	-	15	2	10	3	-
2016	은평구	449	308	99	53	152	4	124	3	12	109	-	17	-	15	2	-
2016	서대문구	331	198	69	38	91	-	117	2	16	99	-	16	1	12	3	-
2016	마포구	600	240	118	90	20	12	338	11	145	161	21	22	-	7	10	5
2016	양천구	425	306	148	78	80	-	109	11	31	67	-	10	1	3	6	-
2016	강서구	394	288	105	65	117	1	89	6	14	69	-	17	3	12	2	-
2016	구로구	210	163	51	37	74	1	35	-	5	30	-	12	3	8	1	-
2016	금천구	216	164	45	50	67	2	44	1	3	40	-	8	-	8	-	-
2016	영등포구	279	175	57	44	74	-	94	-	26	68	-	10	-	9	1	-
2016	동작구	335	277	146	51	80	-	31	1	17	13	-	27	-	9	17	1
2016	관악구	814	550	205	318	27	-	237	17	137	83	-	27	4	21	1	1
2016	서초구	176	112	42	27	43	-	55	2	7	46	-	9	-	8	1	-
2016	강남구	240	166	65	47	53	1	63	2	8	53	-	11	-	10	1	-
2016	송파구	336	241	76	48	117	-	79	1	7	71	-	16	2	11	3	-
2016	강동구	297	226	75	48	103	-	57	1	29	24	3	14	3	10	1	-
2017	합계	8,630	5,584	2,014	1,622	1,915	33	2,758	79	766	1,766	147	288	21	203	59	5
2017	종로구	288	161	45	26	89	1	124	4	9	111	-	3	-	2	1	-
2017	중구	185	99	26	25	46	2	75	2	7	66	-	11	-	8	3	-
2017	용산구	386	189	105	63	12	9	182	3	73	98	8	15	-	4	8	3
2017	성동구	249	154	53	34	67	-	80	5	11	64	-	15	-	11	4	-
2017	광진구	310	189	86	38	63	2	109	2	20	87	-	12	1	9	2	-
2017	동대문구	379	236	83	56	96	1	131	2	14	113	2	12	-	10	2	-
2017	중랑구	423	284	96	84	104	-	131	6	10	115	-	8	-	7	1	-
2017	성북구	378	260	93	51	115	1	99	4	16	79	-	19	-	18	1	-
2017	강북구	382	276	86	77	113	-	95	-	22	73	-	11	-	9	2	-
2017	도봉구	331	213	81	46	86	-	107	2	11	94	-	11	-	8	3	-
2017	노원구	339	237	84	41	110	2	86	1	9	76	-	16	1	12	3	-
2017	은평구	463	353	89	77	185	2	99	7	14	78	-	11	1	9	1	-
2017	서대문구	244	192	67	39	84	2	37	5	14	18	-	15	1	14	-	-
2017	마포구	610	242	114	103	15	10	359	8	140	126	85	9	-	2	5	2
2017	양천구	427	289	124	156	9	-	129	5	46	78	-	9	1	4	4	-
2017	강서구	374	275	99	64	112	-	87	2	17	68	-	12	2	9	1	-
2017	구로구	233	206	51	67	88	-	20	-	4	16	-	7	1	5	1	-
2017	금천구	184	138	42	36	60	-	43	2	6	35	-	3	-	3	-	-
2017	영등포구	242	148	50	38	60	-	83	4	43	36	-	11	-	8	3	-
2017	동작구	311	235	117	55	63	-	54	4	18	32	-	22	9	8	5	-
2017	관악구	701	450	167	266	17	-	227	2	158	67	-	24	-	20	4	-
2017	서초구	194	130	49	26	55	-	56	2	7	47	-	8	1	7	-	-
2017	강남구	246	146	52	40	54	-	93	-	18	75	-	7	2	5	-	-
2017	송파구	309	227	71	55	101	-	74	6	11	57	-	8	1	4	3	-
2017	강동구	442	255	84	59	111	1	178	1	68	57	52	9	-	7	2	-
2018	합계	8,220	5,368	2,017	1,572	1,703	76	2,607	71	830	1,657	49	245	14	152	77	2
2018	종로구	240	122	50	23	49	-	112	8	10	94	-	6	-	4	2	-
2018	중구	163	92	29	24	38	1	59	-	5	54	-	12	2	6	4	-
2018	용산구	294	190	79	74	17	20	98	3	42	45	8	6	-	4	2	-
2018	성동구	245	155	46	31	77	1	81	1	9	71	-	9	1	6	2	-
2018	광진구	325	190	93	36	60	1	128	1	19	108	-	7	-	3	4	-
2018	동대문구	298	237	91	57	86	3	53	4	9	40	-	8	3	5	-	-
2018	중랑구	406	259	84	72	100	3	137	3	23	111	-	10	-	7	3	-
2018	성북구	352	261	78	43	138	2	82	-	28	54	-	9	-	6	3	-
2018	강북구	420	280	98	59	119	4	128	-	22	106	-	12	1	7	4	-
2018	도봉구	276	204	76	45	82	1	65	-	15	50	-	7	-	5	2	-
2018	노원구	294	222	63	49	109	1	66	2	10	54	-	6	-	4	2	-
2018	은평구	384	285	95	52	133	5	87	1	8	78	-	12	1	11	-	-
2018	서대문구	188	179	73	23	82	1	1	-	-	1	-	8	-	3	5	-
2018	마포구	528	222	106	89	15	12	297	1	143	130	23	9	1	3	3	2
2018	양천구	365	231	117	112	2	-	123	11	30	82	-	11	-	8	3	-
2018	강서구	425	288	99	81	103	5	127	4	17	106	-	10	-	7	3	-
2018	구로구	215	173	41	53	76	3	34	1	5	28	-	8	-	6	2	-
2018	금천구	181	135	37	38	58	2	45	-	11	34	-	1	-	1	-	-
2018	영등포구	229	139	50	44	43	2	75	3	12	58	2	15	1	8	6	-
2018	동작구	275	227	118	67	42	-	30	4	13	13	-	18	1	8	9	-
2018	관악구	880	493	207	275	11	-	358	11	284	59	4	29	2	24	3	-
2018	서초구	182	124	42	15	64	3	53	1	9	43	-	5	-	4	1	-
2018	강남구	271	158	58	41	57	2	100	10	17	73	-	13	1	5	7	-
2018	송파구	326	211	57	62	90	2	104	2	12	90	-	11	-	6	5	-
2018	강동구	458	291	130	107	52	2	164	-	77	75	12	3	-	1	2	-
2019	합계	7,515	4,533	1,794	1,222	1,300	217	2,726	71	883	1,633	139	256	14	147	91	4
2019	종로구	245	134	38	25	65	6	102	-	9	92	1	9	-	7	2	-
2019	중구	134	65	17	17	29	2	60	-	13	47	-	9	-	7	2	-
2019	용산구	281	168	104	45	8	11	106	9	44	40	13	7	1	2	3	1
2019	성동구	199	121	50	28	39	4	70	2	6	62	-	8	-	6	2	-
2019	광진구	250	141	57	34	40	10	95	3	10	82	-	14	-	8	6	-
2019	동대문구	289	184	70	36	67	11	95	-	6	89	-	10	-	4	6	-
2019	중랑구	394	247	108	50	79	10	140	2	17	121	-	7	2	3	2	-
2019	성북구	253	187	65	33	80	9	61	1	14	46	-	5	-	3	2	-
2019	강북구	367	266	91	59	102	14	78	-	17	61	-	23	-	11	12	-
2019	도봉구	262	180	64	43	65	8	70	-	11	59	-	12	-	7	5	-
2019	노원구	304	210	69	50	78	13	84	4	10	70	-	10	1	7	2	-
2019	은평구	337	252	87	41	106	18	71	3	3	64	1	14	2	5	6	1
2019	서대문구	166	141	53	27	52	9	21	1	2	18	-	4	-	4	-	-
2019	마포구	541	152	70	58	16	8	371	5	206	139	21	18	3	8	6	1
2019	양천구	326	208	116	88	4	-	110	4	59	47	-	8	-	6	2	-
2019	강서구	264	177	66	37	63	11	79	1	8	67	3	8	1	3	4	-
2019	구로구	294	158	48	36	67	7	130	1	6	37	86	6	-	3	3	-
2019	금천구	201	128	39	26	56	7	68	-	18	50	-	5	1	2	2	-
2019	영등포구	230	142	53	31	42	16	73	3	12	58	-	15	-	12	2	1
2019	동작구	270	185	111	39	30	5	68	2	20	46	-	17	-	4	13	-
2019	관악구	815	428	181	225	22	-	371	17	282	72	-	16	-	15	1	-
2019	서초구	174	110	35	32	31	12	57	1	6	49	1	7	1	1	5	-
2019	강남구	234	147	44	49	46	8	77	5	22	49	1	10	1	8	1	-
2019	송파구	269	179	75	36	58	10	83	5	9	68	1	7	-	6	1	-
2019	강동구	416	223	83	77	55	8	186	2	73	100	11	7	1	5	1	-